start=1448.947000
sub-delay=-0.500000
sub-scale=1.300000
video-crop=
