start=34.417000
sid=36
sub-scale=1.200000
video-crop=1920x872+0+104
