start=228.228000
sub-delay=-0.800000
video-crop=
