start=3158.489000
sub-delay=0.100000
video-crop=
