start=6456.000000
sub-scale=1.100000
video-crop=1920x804+0+138
