start=1380.879000
sub-delay=-0.600000
sub-scale=1.200000
video-crop=
