start=1375.082000
sub-delay=-0.500000
sub-scale=1.200000
video-crop=
