start=4071.067000
sub-scale=1.100000
video-crop=
