start=1662.619000
sub-scale=1.200000
video-crop=
