start=2863.402000
aid=2
sid=37
sub-scale=0.900000
video-crop=1920x872+0+104
