start=3022.875000
sub-scale=1.300000
video-crop=
