start=253.750000
sub-scale=1.200000
video-crop=1920x804+0+138
