start=3415.287000
volume=90.000000
sid=51
video-crop=1920x960+0+60
