start=568.359000
sub-delay=-0.700000
sub-scale=1.200000
video-crop=
