start=2788.708000
volume=89.000000
video-crop=
