start=3359.083000
sub-scale=1.200000
video-crop=
