start=3147.227000
volume=98.000000
aid=2
sub-scale=1.100000
video-crop=1920x872+0+104
