start=1465.016170
sid=2
sub-scale=0.600000
video-crop=
