start=64.982000
aid=2
sub-scale=0.900000
video-crop=
