start=30.280000
sid=10
sub-scale=0.800000
video-crop=
