start=2871.452000
volume=90.000000
sid=52
video-crop=1920x960+0+60
