start=3006.086000
sub-scale=1.200000
video-crop=
