start=82.600000
volume=98.000000
video-crop=
