start=334.917000
sid=36
sub-scale=0.800000
video-crop=1920x802+0+138
