start=199.908000
sid=3
sub-delay=-11.800009
sub-scale=1.200000
video-pan-x=0.000000
video-crop=
