start=79.329000
sub-delay=-0.500000
video-crop=
