start=1427.217000
sub-delay=-0.600000
sub-scale=1.200000
video-crop=
